# energy [MeV] vs. diff. cs per electron [Mbarn / MeV]
2.05925e-06  0
2.18127e-06  0
2.31052e-06  0
2.44743e-06  0
2.59245e-06  0
2.74606e-06  0
2.90877e-06  0
3.08113e-06  0
3.2637e-06  0
3.45708e-06  0
3.66193e-06  0
3.87891e-06  0
4.10875e-06  0
4.35221e-06  0
4.61009e-06  0
4.88326e-06  0
5.17261e-06  0
5.47911e-06  0
5.80377e-06  0
6.14766e-06  0
6.51193e-06  0
6.89779e-06  0
7.30651e-06  0
7.73945e-06  0
8.19804e-06  0
8.6838e-06  0
9.19835e-06  0
9.74338e-06  0
1.03207e-05  0
1.09323e-05  0
1.158e-05  0
1.22662e-05  0
1.2993e-05  0
1.37629e-05  81.2609
1.45784e-05  262.287
1.54422e-05  676.145
1.63572e-05  2811.87
1.73265e-05  2980.65
1.83531e-05  3143.14
1.94406e-05  3151.03
2.05925e-05  3009.2
2.18127e-05  2827.06
2.31052e-05  2615.55
2.44743e-05  2401.37
2.59245e-05  2171.25
2.74606e-05  1931.63
2.90877e-05  1679.44
3.08113e-05  1423.76
3.2637e-05  1169.79
3.45708e-05  949.258
3.66193e-05  743.045
3.87891e-05  523.322
4.10875e-05  368.116
4.35221e-05  284.712
4.61009e-05  237.144
4.88326e-05  204.837
5.17261e-05  177.46
5.47911e-05  155.218
5.80377e-05  136.837
6.14766e-05  121.711
6.51193e-05  108.759
6.89779e-05  96.6772
7.30651e-05  85.9467
7.73945e-05  76.1955
8.19804e-05  67.4012
8.6838e-05  59.4119
9.19835e-05  52.437
9.74338e-05  46.2448
0.000103207  40.3039
0.000109323  35.0349
0.0001158  30.5023
0.000122662  26.3878
0.00012993  22.7082
0.000137629  19.581
0.000145784  16.9791
0.000154422  14.7496
0.000163572  12.8242
0.000173265  11.1558
0.000183531  9.65245
0.000194406  8.27177
0.000205925  7.04478
0.000218127  6.02035
0.000231052  5.16859
0.000244743  8.486
0.000259245  18.1598
0.000274606  14.9821
0.000290877  13.4624
0.000308113  11.7807
0.00032637  10.4442
0.000345708  9.07659
0.000366193  7.5709
0.000387891  6.3609
0.000410875  5.34579
0.000435221  4.50966
0.000461009  3.8361
0.000488326  3.26786
0.000517261  2.78648
0.000547911  2.80632
0.000580377  2.56666
0.000614766  2.16039
0.000651193  1.81632
0.000689779  1.52924
0.000730651  1.29223
0.000773945  1.08971
0.000819804  0.917537
0.00086838  0.774349
0.000919835  0.655943
0.000974338  0.556003
0.00103207  0.472156
0.00109323  0.401671
0.001158  0.342491
0.00122662  0.292763
0.0012993  0.250733
0.00137629  0.215206
0.00145784  0.185181
0.00154422  0.159821
0.00163572  0.138294
0.00173265  0.119917
0.00183531  0.104158
0.00194406  0.0906427
0.00205925  0.0790304
0.00218127  0.0690094
0.00231052  0.0603502
0.00244743  0.0528555
0.00259245  0.046355
0.00274606  0.0407059
0.00290877  0.0357883
0.00308113  0.0315002
0.0032637  0.0405424
0.00345708  0.0376261
0.00366193  0.0323786
0.00387891  0.0279043
0.00410875  0.024087
0.00435221  0.0208273
0.00461009  0.0180404
0.00488326  0.0156532
0.00517261  0.0136068
0.00547911  0.0118489
0.00580377  0.010336
0.00614766  0.00903079
0.00651193  0.00790323
0.00689779  0.00692681
0.00730651  0.00607971
0.00773945  0.00534344
0.00819804  0.00470223
0.0086838  0.00414278
0.00919835  0.00365387
0.00974338  0.00322586
0.0103207  0.00285062
0.0109323  0.00252113
0.01158  0.00223145
0.0122662  0.00197641
0.012993  0.00175162
0.0137629  0.00155331
0.0145784  0.00137815
0.0154422  0.0012233
0.0163572  0.00108632
0.0173265  0.000965031
0.0183531  0.000857573
0.0194406  0.00076231
0.0205925  0.000677813
0.0218127  0.000602828
0.0231052  0.000536256
0.0244743  0.000477127
0.0259245  0.000424591
0.0274606  0.000377897
0.0290877  0.000336383
0.0308113  0.000299482
0.032637  0.000266671
0.0345708  0.000237471
0.0366193  0.00021148
0.0387891  0.000188343
0.0410875  0.000167744
0.0435221  0.000149404
0.0461009  0.000133072
0.0488326  0.000118529
0.0517261  0.000105577
0.0547911  9.40419e-05
0.0580377  8.37678e-05
0.0614766  7.46165e-05
0.0651193  6.64651e-05
0.0689779  5.9204e-05
0.0730651  5.27359e-05
0.0773945  4.69741e-05
0.0819804  4.18413e-05
0.086838  3.72688e-05
0.0919835  3.31953e-05
0.0974338  2.95665e-05
0.103207  2.63337e-05
0.109323  2.34538e-05
0.1158  2.08882e-05
0.122662  1.86026e-05
0.12993  1.65665e-05
0.137629  1.47527e-05
0.145784  1.31369e-05
0.154422  1.16976e-05
0.163572  1.04154e-05
0.173265  9.27325e-06
0.183531  8.2559e-06
0.194406  7.34971e-06
